77
90
93
104
107
111
118
133
137
153
173
182
189
232
293
296
330
401
407
419
422
447
450
491
495
498
514
520
535
538
559
601
604
620
654
660
730
739
788
813
845
851
854
922
944
959
1029
1057
1090
1180
1202
1205
1208
1220
1235
1241
1253
1266
1278
1290
1302
1315
1321
1333
1357
1370
1382
1394
1406
1430
1445
1462
1508
1511
1527
1545
1563
1573
1576
1585
1588
1618
1664
1758
1776
1780
1792
1796
1808
1812
1818
1842
1869
1955
1961
1990
2012
2018
2039
2132
2180
2226
2276
2279
2282
2288
2303
2312
2322
2329
2335
2344
2356
2387
2390
2417
2423
2426
2435
2478
2508
2521
2566
2588
2636
2661
2664
2670
2676
2685
2752
2776
2791
2798
2810
2814
2823
2835
2841
2850
2859
2878
2947
2966
2981
2991
3062
3065
3074
3083
3107
3123
3147
3153
3162
3184
3226
3235
3243
3246
3255
3267
3304
3307
3316
3360
3363
3372
3417
3420
3466
3469
3478
3523
3526
3580
3589
3595
3607
3632
3660
3704
3722
3743
3747
3790
3793
3856
3871
3896
3899
3914
3920
4021
4024
4030
4096
4105
4139
4154
4197
4209
4239
4285
4288
